modeling strain alpha
Steps taken: 2
-2.6519355942111345e-10
[-0.09654445  0.08091974 -0.10686131  0.02772097 -0.03439526  0.2
  0.06113245 -0.18663946  0.03482398 -0.06795395  0.125       0.02376778
 -0.04333925  0.09090909  0.04472687  1.55744811  0.08333333  0.08333333
  0.08333333  0.04281202  0.60898524  0.0410544   0.37849026  0.07142857
  0.07142857  0.0394354   0.06666667  0.21542087  0.0625      0.0625
  0.0625      0.0625      0.03655248  0.05882353  0.05555556  0.1308545
  0.05263158  0.01015172  0.02124325  0.02087909  0.06833822  0.0371583
  0.0225038   0.13957999  0.01025782 -0.12899623  0.10545506  0.01619602
  0.00973897  0.01637769  0.01213401  0.01527959 -0.02855277  0.00441526
  0.01122383  0.00785422  0.00668644  0.00776102  0.02451628  0.00817626
  0.00994048  0.01973519  0.01398667  0.01023018  0.01868779  0.01580415
  0.05130656  0.01685156  0.02002509  0.01814748  0.03657814  0.03264108
  0.0349902   0.03938232  0.03431588  0.04116641  0.04113455  0.03991806
  0.04682926  0.05323311  0.05107461  0.04838158  0.04924495  0.05455613
  0.05083683  0.05179322  0.06096766  0.05751053  0.05280636  0.06066954
  0.05565225  0.05765884  0.06032551  0.06071634  0.063564    0.06067028
  0.05988695  0.05911868  0.05954079  0.05836485  0.06698815  0.0634635
  0.06101711  0.06119864  0.06162774  0.06032185  0.06313341  0.06429195
  0.06573138  0.06217742  0.06021956  0.06421303  0.05987249  0.06359076
  0.06316659  0.06531908  0.06070492  0.0630978   0.06146203  0.06141817
  0.06273467  0.06383014  0.0618393   0.06195473  0.06141091  0.06086838
  0.06015663  0.05954071  0.0615454 ]

modeling strain delta
Steps taken: 2
2.545207782540404e-10
[-0.00073739  0.00254866 -0.00857919  0.01900254 -0.00975535  0.00423803
  0.01618475  0.04568943 -0.03375621  0.01368375  0.0177715  -0.0192419
  0.00486366  0.01588579  0.13511999  0.01185604  0.0166094   0.01361744
 -0.02440857  0.00427177  0.01383094  0.04143886  0.00869142  0.01239145
  0.01212513 -0.06326131  0.0037224   0.00863043  0.02887069  0.00689754
  0.00892525  0.00771576 -0.03066192  0.00309643  0.0071091   0.01467153
  0.00629286  0.00692793  0.0069747   0.08812229  0.00302141]

modeling strain omicron
Steps taken: 2
7.768126113547929e-11
[-7.44599137e-05  5.97475764e-04 -3.62819564e-03  8.75890990e-03
 -5.14334777e-03  1.68107326e-03  1.68538628e-02 -1.99098154e-03
  3.16373073e-03 -1.16191490e-02  2.70031610e-02  6.29852363e-03
  2.29600718e-03 -1.37021250e-02 -1.97311517e-03  2.66230121e-03
 -1.16000129e-02  5.91148346e-02  3.57104969e-03  1.63472142e-03
  2.73570900e-02 -1.23305444e-03  2.10298224e-03  2.52246787e-03
  2.77885404e-02  5.09609085e-03  1.42215805e-03  6.13939458e-03
 -1.76189278e-03  1.26539586e-03  4.64157314e-03  3.75784882e-03
  3.73522215e-03  1.60363909e-03  4.31339936e-03  6.17124914e-03
 -2.42242586e-02  2.21868088e-03  2.42465597e-03  4.01841834e-03
  1.71135259e-03  3.89085531e-03 -6.63423746e-02  1.88102195e-03
  5.18531296e-03  2.65856677e-03  4.36070697e-03  2.07280819e-03
  3.74177061e-03  8.32045355e-03  2.70418047e-03  3.72933695e-03
  3.51313813e-03  4.45196014e-03  2.79557632e-03  3.97613231e-03
  6.73711439e-03  3.37972338e-03  3.97188457e-03  4.12237834e-03
  4.58516599e-03  3.54809192e-03  4.44944955e-03  5.28050381e-03
  4.14952697e-03  4.60215421e-03  4.58645552e-03  5.08157409e-03
  4.13760288e-03  4.78034357e-03  5.29225160e-03  4.94035425e-03
  4.89401274e-03  4.89756267e-03  5.16766173e-03  4.98442326e-03
  4.97718898e-03  5.86343599e-03  4.89259795e-03  5.35344469e-03
  5.32920558e-03  5.49301904e-03  5.14105854e-03  5.44909029e-03
  5.81791810e-03  5.33600326e-03  5.62536732e-03  5.69745620e-03
  5.70165980e-03  5.42531623e-03  5.73673990e-03  5.92977379e-03
  5.68447320e-03  6.04340545e-03  5.86228615e-03  5.72881282e-03
  5.75606968e-03  5.93618181e-03  6.19121305e-03  5.79579312e-03
  6.14375504e-03  6.04579538e-03  6.06804996e-03  5.78257763e-03
  6.09005749e-03  6.29830168e-03  5.97201827e-03  6.24910324e-03
  6.20338967e-03  6.04110699e-03  6.01454169e-03]
